8.085106382978722861e-01
5.555555555555555802e-01
9.166666666666666297e-01
8.297872340425531679e-01
5.555555555555555802e-01
8.333333333333333703e-01
8.125000000000000000e-01
5.555555555555555802e-01
9.166666666666666297e-01
8.297872340425531679e-01
5.000000000000000000e-01
8.333333333333333703e-01
8.510638297872340496e-01
5.000000000000000000e-01
9.166666666666666297e-01
8.510638297872340496e-01
5.263157894736841813e-01
8.333333333333333703e-01
5.862068965517240882e-01
8.510638297872340496e-01
5.263157894736841813e-01
5.932203389830508211e-01
8.510638297872340496e-01
6.111111111111111605e-01
6.101694915254237683e-01
8.510638297872340496e-01
5.789473684210526550e-01
6.206896551724138122e-01
8.510638297872340496e-01
5.789473684210526550e-01
6.206896551724138122e-01
8.510638297872340496e-01
5.789473684210526550e-01
6.379310344827586743e-01
8.297872340425531679e-01
6.315789473684210176e-01
6.379310344827586743e-01
8.510638297872340496e-01
6.315789473684210176e-01
6.440677966101694407e-01
8.510638297872340496e-01
6.315789473684210176e-01
6.551724137931034253e-01
8.510638297872340496e-01
6.315789473684210176e-01
6.610169491525423879e-01
8.510638297872340496e-01
6.315789473684210176e-01
6.896551724137931494e-01
8.297872340425531679e-01
6.315789473684210176e-01
6.896551724137931494e-01
8.333333333333333703e-01
6.315789473684210176e-01
7.068965517241379004e-01
8.297872340425531679e-01
6.842105263157894912e-01
7.241379310344827624e-01
8.297872340425531679e-01
6.500000000000000222e-01
7.241379310344827624e-01
8.297872340425531679e-01
6.999999999999999556e-01
7.241379310344827624e-01
8.297872340425531679e-01
7.500000000000000000e-01
7.543859649122807154e-01
7.916666666666666297e-01
6.999999999999999556e-01
7.543859649122807154e-01
7.872340425531915153e-01
7.500000000000000000e-01
7.413793103448276245e-01
7.708333333333333703e-01
8.421052631578946901e-01
7.758620689655172376e-01
7.500000000000000000e-01
8.421052631578946901e-01
7.894736842105263275e-01
7.291666666666666297e-01
7.894736842105263275e-01
7.894736842105263275e-01
7.083333333333333703e-01
7.894736842105263275e-01
7.894736842105263275e-01
7.083333333333333703e-01
7.500000000000000000e-01
8.070175438596490780e-01
6.666666666666666297e-01
7.500000000000000000e-01
8.070175438596490780e-01
6.458333333333333703e-01
7.500000000000000000e-01
8.392857142857143016e-01
6.170212765957446832e-01
7.500000000000000000e-01
8.392857142857143016e-01
5.833333333333333703e-01
7.894736842105263275e-01
8.392857142857143016e-01
5.744680851063830307e-01
6.999999999999999556e-01
8.727272727272726849e-01
5.434782608695651884e-01
6.999999999999999556e-01
8.571428571428570953e-01
5.000000000000000000e-01
6.999999999999999556e-01
8.750000000000000000e-01
4.666666666666666741e-01
7.368421052631578538e-01
8.909090909090908728e-01
4.318181818181818232e-01
6.999999999999999556e-01
9.090909090909090606e-01
4.222222222222222210e-01
7.368421052631578538e-01
9.272727272727272485e-01
4.666666666666666741e-01
7.368421052631578538e-01
9.444444444444444198e-01
4.782608695652174058e-01
6.842105263157894912e-01
9.444444444444444198e-01
5.000000000000000000e-01
6.842105263157894912e-01
9.811320754716981174e-01
5.531914893617021489e-01
6.500000000000000222e-01
9.811320754716981174e-01
5.744680851063830307e-01
6.500000000000000222e-01
1.000000000000000000e+00
5.833333333333333703e-01
6.842105263157894912e-01
1.058823529411764719e+00
6.041666666666666297e-01
6.842105263157894912e-01
1.058823529411764719e+00
6.250000000000000000e-01
6.315789473684210176e-01
1.058823529411764719e+00
6.666666666666666297e-01
5.999999999999999778e-01
1.080000000000000071e+00
6.875000000000000000e-01
6.315789473684210176e-01
1.100000000000000089e+00
7.083333333333333703e-01
6.315789473684210176e-01
1.122448979591836649e+00
7.291666666666666297e-01
6.315789473684210176e-01
1.166666666666666741e+00
7.500000000000000000e-01
5.789473684210526550e-01
1.166666666666666741e+00
7.872340425531915153e-01
5.555555555555555802e-01
1.191489361702127603e+00
8.085106382978722861e-01
5.555555555555555802e-01
1.212765957446808596e+00
8.297872340425531679e-01
5.000000000000000000e-01
1.217391304347826164e+00
8.695652173913043237e-01
4.444444444444444198e-01
1.266666666666666607e+00
8.913043478260869179e-01
5.555555555555555802e-01
1.239130434782608647e+00
9.130434782608695121e-01
5.789473684210526550e-01
1.266666666666666607e+00
9.555555555555556024e-01
6.315789473684210176e-01
1.295454545454545414e+00
9.777777777777777457e-01
6.315789473684210176e-01
1.318181818181818121e+00
1.022727272727272707e+00
6.500000000000000222e-01
1.325581395348837122e+00
1.046511627906976827e+00
6.500000000000000222e-01
1.318181818181818121e+00
1.069767441860465018e+00
7.368421052631578538e-01
1.325581395348837122e+00
1.095238095238095344e+00
6.999999999999999556e-01
1.348837209302325535e+00
1.121951219512195230e+00
6.999999999999999556e-01
1.348837209302325535e+00
1.121951219512195230e+00
7.894736842105263275e-01
1.325581395348837122e+00
1.175000000000000044e+00
7.500000000000000000e-01
1.325581395348837122e+00
1.205128205128205066e+00
7.894736842105263275e-01
1.318181818181818121e+00
1.205128205128205066e+00
8.000000000000000444e-01
1.318181818181818121e+00
1.205128205128205066e+00
8.421052631578946901e-01
1.318181818181818121e+00
1.236842105263157965e+00
8.000000000000000444e-01
1.295454545454545414e+00
1.263157894736842035e+00
8.000000000000000444e-01
1.295454545454545414e+00
1.270270270270270174e+00
8.421052631578946901e-01
1.266666666666666607e+00
1.263157894736842035e+00
8.499999999999999778e-01
1.239130434782608647e+00
1.270270270270270174e+00
8.421052631578946901e-01
1.217391304347826164e+00
1.236842105263157965e+00
8.421052631578946901e-01
1.191489361702127603e+00
1.263157894736842035e+00
8.947368421052631637e-01
1.166666666666666741e+00
1.230769230769230838e+00
8.000000000000000444e-01
1.142857142857142794e+00
1.230769230769230838e+00
8.000000000000000444e-01
1.100000000000000089e+00
1.205128205128205066e+00
8.947368421052631637e-01
1.100000000000000089e+00
1.175000000000000044e+00
8.499999999999999778e-01
1.058823529411764719e+00
1.175000000000000044e+00
8.421052631578946901e-01
1.019230769230769162e+00
1.146341463414634054e+00
8.000000000000000444e-01
1.019230769230769162e+00
1.121951219512195230e+00
8.000000000000000444e-01
9.811320754716981174e-01
1.095238095238095344e+00
8.000000000000000444e-01
9.629629629629629095e-01
1.069767441860465018e+00
7.500000000000000000e-01
9.444444444444444198e-01
1.046511627906976827e+00
8.421052631578946901e-01
9.259259259259259300e-01
1.000000000000000000e+00
7.500000000000000000e-01
9.090909090909090606e-01
9.772727272727272929e-01
7.500000000000000000e-01
8.727272727272726849e-01
9.777777777777777457e-01
7.894736842105263275e-01
8.727272727272726849e-01
9.347826086956522174e-01
7.500000000000000000e-01
8.245614035087719396e-01
9.130434782608695121e-01
7.894736842105263275e-01
7.894736842105263275e-01
8.723404255319149314e-01
7.500000000000000000e-01
7.719298245614034659e-01
8.510638297872340496e-01
7.894736842105263275e-01
7.413793103448276245e-01
7.916666666666666297e-01
7.500000000000000000e-01
7.241379310344827624e-01
7.916666666666666297e-01
7.500000000000000000e-01
7.068965517241379004e-01
7.708333333333333703e-01
7.500000000000000000e-01
6.896551724137931494e-01
7.500000000000000000e-01
7.500000000000000000e-01
6.440677966101694407e-01
7.291666666666666297e-01
7.894736842105263275e-01
6.379310344827586743e-01
7.083333333333333703e-01
7.500000000000000000e-01
6.101694915254237683e-01
6.875000000000000000e-01
8.000000000000000444e-01
5.862068965517240882e-01
6.666666666666666297e-01
7.500000000000000000e-01
5.689655172413793371e-01
6.458333333333333703e-01
7.500000000000000000e-01
5.517241379310344751e-01
5.957446808510638014e-01
7.500000000000000000e-01
5.423728813559322015e-01
5.957446808510638014e-01
7.894736842105263275e-01
5.344827586206896131e-01
5.833333333333333703e-01
8.000000000000000444e-01
5.000000000000000000e-01
5.531914893617021489e-01
7.500000000000000000e-01
4.912280701754385692e-01
5.319148936170212671e-01
7.894736842105263275e-01
4.482758620689655249e-01
5.000000000000000000e-01
8.000000000000000444e-01
4.782608695652174058e-01
7.500000000000000000e-01
9.756097560975609539e-01
4.888888888888888729e-01
7.500000000000000000e-01
9.756097560975609539e-01
4.666666666666666741e-01
7.368421052631578538e-01
9.756097560975609539e-01
4.444444444444444198e-01
6.999999999999999556e-01
9.512195121951219079e-01
4.444444444444444198e-01
6.842105263157894912e-01
2.421052631578947345e+00
9.285714285714286031e-01
4.222222222222222210e-01
5.999999999999999778e-01
2.368421052631578760e+00
9.047619047619047672e-01
4.222222222222222210e-01
6.315789473684210176e-01
2.647058823529411686e+00
8.837209302325581550e-01
4.222222222222222210e-01
6.315789473684210176e-01
2.555555555555555358e+00
8.837209302325581550e-01
4.222222222222222210e-01
5.789473684210526550e-01
2.421052631578947345e+00
8.809523809523809312e-01
4.390243902439024404e-01
4.666666666666666741e-01
5.263157894736841813e-01
2.368421052631578760e+00
8.372093023255814392e-01
4.634146341463414864e-01
4.565217391304347561e-01
5.263157894736841813e-01
2.350000000000000089e+00
8.372093023255814392e-01
4.878048780487804770e-01
5.000000000000000000e-01
5.000000000000000000e-01
2.350000000000000089e+00
8.372093023255814392e-01
4.878048780487804770e-01
5.675675675675675436e-01
5.217391304347825942e-01
5.000000000000000000e-01
2.136363636363636243e+00
8.139534883720930258e-01
5.121951219512195230e-01
4.878048780487804770e-01
5.789473684210526550e-01
5.434782608695651884e-01
5.000000000000000000e-01
7.727272727272727071e-01
5.365853658536585691e-01
5.000000000000000000e-01
5.945945945945946276e-01
5.531914893617021489e-01
5.000000000000000000e-01
7.727272727272727071e-01
5.365853658536585691e-01
5.238095238095238360e-01
5.789473684210526550e-01
5.744680851063830307e-01
5.263157894736841813e-01
7.727272727272727071e-01
5.476190476190476719e-01
5.238095238095238360e-01
6.153846153846154188e-01
6.190476190476190688e-01
5.744680851063830307e-01
5.263157894736841813e-01
7.674418604651163101e-01
5.714285714285713969e-01
5.476190476190476719e-01
6.315789473684210176e-01
6.190476190476190688e-01
5.957446808510638014e-01
5.789473684210526550e-01
7.500000000000000000e-01
5.714285714285713969e-01
5.581395348837209225e-01
5.555555555555555802e-01
6.315789473684210176e-01
6.428571428571429047e-01
6.216216216216216006e-01
5.957446808510638014e-01
5.789473684210526550e-01
7.272727272727272929e-01
5.714285714285713969e-01
5.714285714285713969e-01
5.555555555555555802e-01
6.410256410256410797e-01
6.428571428571429047e-01
6.315789473684210176e-01
6.170212765957446832e-01
6.315789473684210176e-01
7.441860465116278966e-01
5.813953488372093359e-01
5.581395348837209225e-01
5.652173913043477826e-01
6.410256410256410797e-01
6.666666666666666297e-01
6.052631578947368363e-01
6.041666666666666297e-01
5.999999999999999778e-01
7.045454545454545858e-01
5.952380952380952328e-01
5.581395348837209225e-01
6.304347826086956763e-01
6.666666666666666297e-01
6.904761904761904656e-01
6.052631578947368363e-01
6.170212765957446832e-01
5.999999999999999778e-01
7.045454545454545858e-01
6.190476190476190688e-01
5.952380952380952328e-01
5.869565217391304879e-01
6.410256410256410797e-01
6.511627906976744651e-01
6.585365853658536883e-01
6.052631578947368363e-01
6.170212765957446832e-01
5.999999999999999778e-01
7.272727272727272929e-01
6.190476190476190688e-01
5.813953488372093359e-01
5.869565217391304879e-01
6.410256410256410797e-01
6.904761904761904656e-01
6.341463414634146423e-01
6.315789473684210176e-01
5.957446808510638014e-01
5.999999999999999778e-01
7.209302325581394832e-01
6.190476190476190688e-01
5.813953488372093359e-01
6.086956521739130821e-01
6.666666666666666297e-01
6.744186046511627675e-01
6.097560975609755962e-01
6.486486486486486847e-01
5.957446808510638014e-01
6.500000000000000222e-01
7.441860465116278966e-01
5.813953488372093359e-01
5.581395348837209225e-01
5.869565217391304879e-01
6.666666666666666297e-01
6.666666666666666297e-01
6.341463414634146423e-01
6.578947368421053099e-01
5.957446808510638014e-01
6.842105263157894912e-01
7.209302325581394832e-01
5.952380952380952328e-01
5.581395348837209225e-01
6.086956521739130821e-01
6.410256410256410797e-01
6.428571428571429047e-01
6.585365853658536883e-01
6.315789473684210176e-01
5.833333333333333703e-01
6.500000000000000222e-01
7.272727272727272929e-01
5.952380952380952328e-01
5.581395348837209225e-01
5.869565217391304879e-01
6.410256410256410797e-01
6.428571428571429047e-01
6.585365853658536883e-01
6.486486486486486847e-01
6.041666666666666297e-01
6.315789473684210176e-01
7.272727272727272929e-01
5.714285714285713969e-01
5.581395348837209225e-01
5.869565217391304879e-01
6.410256410256410797e-01
6.428571428571429047e-01
6.500000000000000222e-01
6.315789473684210176e-01
5.957446808510638014e-01
6.315789473684210176e-01
7.441860465116278966e-01
5.714285714285713969e-01
5.581395348837209225e-01
5.652173913043477826e-01
6.315789473684210176e-01
6.428571428571429047e-01
6.585365853658536883e-01
6.216216216216216006e-01
5.744680851063830307e-01
6.315789473684210176e-01
7.500000000000000000e-01
5.714285714285713969e-01
5.348837209302325091e-01
5.652173913043477826e-01
6.315789473684210176e-01
6.190476190476190688e-01
6.500000000000000222e-01
9.090909090909090606e-01
5.999999999999999778e-01
6.216216216216216006e-01
5.744680851063830307e-01
6.315789473684210176e-01
7.500000000000000000e-01
5.476190476190476719e-01
5.238095238095238360e-01
5.555555555555555802e-01
6.052631578947368363e-01
6.190476190476190688e-01
6.097560975609755962e-01
1.000000000000000000e+00
5.749999999999999556e-01
6.052631578947368363e-01
5.744680851063830307e-01
6.315789473684210176e-01
7.500000000000000000e-01
5.365853658536585691e-01
5.238095238095238360e-01
5.434782608695651884e-01
6.052631578947368363e-01
5.952380952380952328e-01
6.097560975609755962e-01
1.000000000000000000e+00
5.749999999999999556e-01
5.945945945945946276e-01
5.531914893617021489e-01
5.789473684210526550e-01
7.906976744186046124e-01
5.476190476190476719e-01
5.000000000000000000e-01
5.333333333333333259e-01
6.052631578947368363e-01
5.952380952380952328e-01
5.853658536585365502e-01
1.000000000000000000e+00
5.500000000000000444e-01
5.675675675675675436e-01
5.531914893617021489e-01
5.789473684210526550e-01
7.906976744186046124e-01
5.365853658536585691e-01
5.000000000000000000e-01
5.217391304347825942e-01
6.052631578947368363e-01
5.714285714285713969e-01
5.853658536585365502e-01
1.000000000000000000e+00
5.641025641025640969e-01
5.675675675675675436e-01
5.434782608695651884e-01
5.789473684210526550e-01
8.139534883720930258e-01
5.121951219512195230e-01
4.878048780487804770e-01
4.888888888888888729e-01
5.945945945945946276e-01
5.853658536585365502e-01
5.749999999999999556e-01
9.000000000000000222e-01
5.128205128205127750e-01
5.675675675675675436e-01
5.434782608695651884e-01
5.789473684210526550e-01
5.121951219512195230e-01
4.878048780487804770e-01
4.888888888888888729e-01
5.945945945945946276e-01
5.476190476190476719e-01
5.500000000000000444e-01
1.000000000000000000e+00
5.384615384615384359e-01
5.555555555555555802e-01
5.217391304347825942e-01
5.789473684210526550e-01
4.878048780487804770e-01
4.761904761904761640e-01
4.888888888888888729e-01
5.526315789473684736e-01
5.609756097560976151e-01
5.500000000000000444e-01
1.000000000000000000e+00
5.128205128205127750e-01
5.405405405405405705e-01
5.217391304347825942e-01
5.789473684210526550e-01
4.634146341463414864e-01
4.634146341463414864e-01
4.772727272727272929e-01
5.263157894736841813e-01
5.609756097560976151e-01
5.250000000000000222e-01
9.000000000000000222e-01
4.871794871794871695e-01
5.405405405405405705e-01
5.000000000000000000e-01
5.555555555555555802e-01
4.634146341463414864e-01
4.390243902439024404e-01
4.666666666666666741e-01
5.405405405405405705e-01
5.500000000000000444e-01
5.000000000000000000e-01
9.000000000000000222e-01
4.736842105263157632e-01
5.135135135135134865e-01
5.000000000000000000e-01
5.555555555555555802e-01
4.634146341463414864e-01
4.390243902439024404e-01
4.444444444444444198e-01
5.135135135135134865e-01
5.121951219512195230e-01
5.250000000000000222e-01
9.000000000000000222e-01
5.000000000000000000e-01
5.277777777777777901e-01
4.888888888888888729e-01
5.263157894736841813e-01
4.500000000000000111e-01
4.390243902439024404e-01
4.318181818181818232e-01
5.277777777777777901e-01
5.250000000000000222e-01
5.128205128205127750e-01
1.000000000000000000e+00
4.736842105263157632e-01
5.000000000000000000e-01
4.565217391304347561e-01
5.263157894736841813e-01
4.146341463414633943e-01
4.545454545454545303e-01
5.277777777777777901e-01
5.250000000000000222e-01
5.128205128205127750e-01
8.000000000000000444e-01
4.736842105263157632e-01
5.000000000000000000e-01
4.666666666666666741e-01
5.000000000000000000e-01
4.146341463414633943e-01
4.090909090909091161e-01
5.277777777777777901e-01
5.250000000000000222e-01
5.128205128205127750e-01
8.888888888888888395e-01
4.736842105263157632e-01
5.000000000000000000e-01
4.444444444444444198e-01
5.000000000000000000e-01
4.249999999999999889e-01
4.090909090909091161e-01
5.000000000000000000e-01
5.000000000000000000e-01
4.871794871794871695e-01
8.888888888888888395e-01
4.736842105263157632e-01
4.857142857142857095e-01
4.444444444444444198e-01
4.444444444444444198e-01
4.146341463414633943e-01
4.090909090909091161e-01
5.000000000000000000e-01
5.000000000000000000e-01
4.871794871794871695e-01
8.888888888888888395e-01
4.736842105263157632e-01
4.857142857142857095e-01
