-2.000000000000000000e+00
-1.739062499254941940e+00
-1.714062499813735485e+00
-1.999999940395355225e+00
-1.739062562584877014e+00
-1.714062497019767761e+00
-2.000000029802322388e+00
-1.739062502980232239e+00
-1.714062489569187164e+00
-2.000000000000000000e+00
-1.739062443375587463e+00
-1.714062482118606567e+00
-1.999999940395355225e+00
-1.739062502980232239e+00
-1.714062467217445374e+00
-1.999999940395355225e+00
-1.739062458276748657e+00
-1.714062452316284180e+00
-2.195312559604644775e+00
-2.000000000000000000e+00
-1.739062517881393433e+00
-2.195312500000000000e+00
-2.000000000000000000e+00
-1.739062473177909851e+00
-2.195312500000000000e+00
-2.000000000000000000e+00
-1.739062547683715820e+00
-2.195312440395355225e+00
-2.000000000000000000e+00
-1.739062502980232239e+00
-2.195312559604644775e+00
-2.000000029802322388e+00
-1.739062547683715820e+00
-2.195312559604644775e+00
-1.999999940395355225e+00
-1.739062473177909851e+00
-2.195312500000000000e+00
-1.999999970197677612e+00
-1.739062525331974030e+00
-2.195312440395355225e+00
-1.999999970197677612e+00
-1.739062450826168060e+00
-2.195312500000000000e+00
-2.000000000000000000e+00
-1.739062502980232239e+00
-2.195312500000000000e+00
-2.000000029802322388e+00
-1.739062450826168060e+00
-2.195312559604644775e+00
-2.000000000000000000e+00
-1.739062522538006306e+00
-2.195312440395355225e+00
-1.999999970197677612e+00
-1.739062473177909851e+00
-2.195312500000000000e+00
-2.000000000000000000e+00
-1.739062547683715820e+00
-2.195312529802322388e+00
-1.999999940395355225e+00
-1.739062502980232239e+00
-2.195312574505805969e+00
-2.000000000000000000e+00
-1.739062450826168060e+00
-2.195312500000000000e+00
-1.999999981373548508e+00
-1.739062525331974030e+00
-2.195312425494194031e+00
-1.999999955296516418e+00
-1.739062476903200150e+00
-2.195312589406967163e+00
-2.000000044703483582e+00
-1.739062547683715820e+00
-2.195312514901161194e+00
-2.000000029802322388e+00
-1.739062499254941940e+00
-2.195312559604644775e+00
-2.000000000000000000e+00
-1.739062501117587090e+00
-2.195312470197677612e+00
-2.000000000000000000e+00
-1.739062500651925802e+00
-2.195312500000000000e+00
-2.000000000000000000e+00
-1.739062502980232239e+00
-2.195312500000000000e+00
-1.999999970197677612e+00
-1.739062502980232239e+00
-2.195312559604644775e+00
-2.000000000000000000e+00
-1.739062502980232239e+00
-2.195312559604644775e+00
-1.999999970197677612e+00
-1.739062502980232239e+00
-2.195312440395355225e+00
-2.000000000000000000e+00
-1.739062502980232239e+00
-2.195312440395355225e+00
-2.000000000000000000e+00
-1.739062502980232239e+00
-2.195312440395355225e+00
-2.000000000000000000e+00
-1.739062502980232239e+00
-2.195312440395355225e+00
-2.000000000000000000e+00
-1.739062502980232239e+00
-2.195312440395355225e+00
-2.000000000000000000e+00
-1.739062502980232239e+00
-2.195312440395355225e+00
-2.000000000000000000e+00
-1.739062502980232239e+00
-2.195312500000000000e+00
-2.000000000000000000e+00
-1.739062502980232239e+00
-2.195312500000000000e+00
-1.999999940395355225e+00
-1.739062502980232239e+00
-2.195312440395355225e+00
-2.000000029802322388e+00
-1.739062502980232239e+00
-2.195312559604644775e+00
-1.999999970197677612e+00
-1.739062502980232239e+00
-2.195312500000000000e+00
-1.999999940395355225e+00
-1.739062502980232239e+00
-2.195312440395355225e+00
-2.000000029802322388e+00
-1.739062499254941940e+00
-2.195312559604644775e+00
-2.000000000000000000e+00
-1.739062499254941940e+00
-2.195312500000000000e+00
-2.000000059604644775e+00
-1.739062499254941940e+00
-2.195312500000000000e+00
-1.999999970197677612e+00
-1.739062450826168060e+00
-2.195312559604644775e+00
-2.000000000000000000e+00
-1.739062525331974030e+00
-2.195312500000000000e+00
-2.000000029802322388e+00
-1.739062476903200150e+00
-2.195312500000000000e+00
-1.999999940395355225e+00
-1.739062547683715820e+00
-2.195312559604644775e+00
-1.999999970197677612e+00
-1.739062502980232239e+00
-2.195312440395355225e+00
-2.000000000000000000e+00
-1.739062525331974030e+00
-2.195312500000000000e+00
-2.000000029802322388e+00
-1.739062547683715820e+00
-2.195312440395355225e+00
-1.999999970197677612e+00
-1.739062450826168060e+00
-2.195312500000000000e+00
-2.000000000000000000e+00
-1.739062473177909851e+00
-2.195312500000000000e+00
-2.000000059604644775e+00
-1.739062502980232239e+00
-2.195312559604644775e+00
-2.000000000000000000e+00
-1.739062562584877014e+00
-2.195312500000000000e+00
-2.000000059604644775e+00
-1.739062502980232239e+00
-2.195312440395355225e+00
-2.000000000000000000e+00
-1.739062443375587463e+00
-2.195312500000000000e+00
-1.999999940395355225e+00
-1.739062502980232239e+00
-2.195312500000000000e+00
-2.000000059604644775e+00
-1.739062502980232239e+00
-2.195312559604644775e+00
-2.000000000000000000e+00
-1.739062517881393433e+00
-2.195312500000000000e+00
-2.000000059604644775e+00
-1.739062547683715820e+00
-2.195312500000000000e+00
-1.999999940395355225e+00
-1.739062458276748657e+00
-2.195312440395355225e+00
-2.000000000000000000e+00
-1.739062473177909851e+00
-2.195312559604644775e+00
-2.000000059604644775e+00
-1.739062502980232239e+00
-2.195312500000000000e+00
-1.999999970197677612e+00
-1.739062517881393433e+00
-2.195312500000000000e+00
-1.999999970197677612e+00
-1.739062547683715820e+00
-2.195312559604644775e+00
-1.999999940395355225e+00
-1.739062450826168060e+00
-2.195312440395355225e+00
-2.000000029802322388e+00
-1.739062473177909851e+00
-2.195312500000000000e+00
-2.000000000000000000e+00
-1.739062502980232239e+00
-2.195312559604644775e+00
-1.999999970197677612e+00
-1.739062450826168060e+00
-2.195312500000000000e+00
-2.000000000000000000e+00
-1.739062525331974030e+00
-2.195312500000000000e+00
-2.000000029802322388e+00
-1.739062473177909851e+00
-2.195312500000000000e+00
-1.999999940395355225e+00
-1.739062547683715820e+00
-2.195312559604644775e+00
-2.000000029802322388e+00
-1.739062502980232239e+00
-2.195312440395355225e+00
-1.999999970197677612e+00
-1.739062450826168060e+00
-2.195312500000000000e+00
-1.999999970197677612e+00
-1.739062525331974030e+00
-2.195312500000000000e+00
-2.000000000000000000e+00
-1.739062473177909851e+00
-2.195312470197677612e+00
-1.999999985098838806e+00
-1.739062547683715820e+00
-2.195312500000000000e+00
-2.000000000000000000e+00
-1.739062499254941940e+00
-2.195312440395355225e+00
-2.000000000000000000e+00
-1.739062499254941940e+00
-2.195312500000000000e+00
-1.999999955296516418e+00
-1.739062499953433871e+00
-2.195312559604644775e+00
-2.000000022351741791e+00
-1.739062499254941940e+00
-2.195312470197677612e+00
-1.999999970197677612e+00
-1.739062499953433871e+00
-2.195312529802322388e+00
-2.000000044703483582e+00
-1.739062500186264515e+00
-2.195312440395355225e+00
-2.000000000000000000e+00
-1.739062547683715820e+00
-2.195312500000000000e+00
-1.999999940395355225e+00
-1.739062475971877575e+00
-2.195312500000000000e+00
-2.000000014901161194e+00
-1.739062523469328880e+00
-2.195312500000000000e+00
-1.999999955296516418e+00
-1.739062452688813210e+00
-2.195312500000000000e+00
-2.000000029802322388e+00
-1.739062500186264515e+00
-2.195312500000000000e+00
-1.999999985098838806e+00
-1.739062500186264515e+00
-2.195312500000000000e+00
-1.999999985098838806e+00
-1.739062500186264515e+00
-2.195312529802322388e+00
-1.999999985098838806e+00
-1.739062499720603228e+00
-2.195312559604644775e+00
-1.999999985098838806e+00
-1.739062499720603228e+00
-2.195312440395355225e+00
-2.000000000000000000e+00
-1.739062499953433871e+00
-2.195312470197677612e+00
-2.000000000000000000e+00
-1.739062523789471015e+00
-2.195312500000000000e+00
-1.999999940395355225e+00
-1.739062547683715820e+00
-2.195312470197677612e+00
-2.000000001862645149e+00
-1.739062451757490635e+00
-2.195312440395355225e+00
-1.999999962747097015e+00
-1.739062475971877575e+00
-2.195312559604644775e+00
-2.000000040978193283e+00
-1.739062499254941940e+00
-2.195312529802322388e+00
-2.000000000000000000e+00
-1.739062500186264515e+00
-2.195312500000000000e+00
-2.000000037252902985e+00
-1.739062500186264515e+00
-2.195312559604644775e+00
-1.999999955296516418e+00
-1.739062500651925802e+00
-2.195312470197677612e+00
-1.999999985098838806e+00
-1.739062500186264515e+00
-2.195312529802322388e+00
-2.000000044703483582e+00
-1.739062500186264515e+00
-2.195312440395355225e+00
-2.000000000000000000e+00
-1.739062499953433871e+00
-2.195312500000000000e+00
-2.000000000000000000e+00
-1.739062499720603228e+00
-2.195312529802322388e+00
-2.000000000000000000e+00
-1.739062499254941940e+00
-2.195312559604644775e+00
-2.000000000000000000e+00
-1.739062499254941940e+00
-2.000000000000000000e+00
-1.739062499254941940e+00
-1.507812500000000000e+00
-1.999999970197677612e+00
-1.739062452688813210e+00
-1.507812470197677612e+00
-1.999999940395355225e+00
-1.739062523469328880e+00
-1.507812529802322388e+00
-2.000000029802322388e+00
-1.739062476903200150e+00
-1.507812500000000000e+00
-2.000000000000000000e+00
-1.739062548149377108e+00
-1.523437500000000000e+00
-1.507812500000000000e+00
-1.999999970197677612e+00
-1.739062500186264515e+00
-1.523437500000000000e+00
-1.507812500000000000e+00
-2.000000059604644775e+00
-1.739062452223151922e+00
-1.523437500000000000e+00
-1.507812470197677612e+00
-2.000000029802322388e+00
-1.739062523469328880e+00
-1.523437500000000000e+00
-1.507812440395355225e+00
-2.000000000000000000e+00
-1.739062475040555000e+00
-1.523437500000000000e+00
-1.507812559604644775e+00
-1.460937500000000000e+00
-1.999999970197677612e+00
-1.739062547683715820e+00
-1.523437500000000000e+00
-1.507812529802322388e+00
-1.460937500000000000e+00
-1.999999970197677612e+00
-1.739062499254941940e+00
-1.523437451571226120e+00
-1.507812500000000000e+00
-1.460937500000000000e+00
-1.999999940395355225e+00
-1.739062499254941940e+00
-1.523437522351741791e+00
-1.507812440395355225e+00
-1.460937500000000000e+00
-1.596000060439109802e+00
-2.000000029802322388e+00
-1.739062501117587090e+00
-1.523437473922967911e+00
-1.507812529802322388e+00
-1.460937500000000000e+00
-1.500000000000000000e+00
-1.596000120043754578e+00
-2.000000029802322388e+00
-1.739062501117587090e+00
-1.507812470197677612e+00
-1.460937500000000000e+00
-1.500000048428773880e+00
-1.596000060439109802e+00
-2.000000000000000000e+00
-1.739062500651925802e+00
-1.507812559604644775e+00
-1.460937470197677612e+00
-1.499999977648258209e+00
-1.596000112593173981e+00
-2.000000029802322388e+00
-1.739062499953433871e+00
-1.507812500000000000e+00
-1.460937440395355225e+00
-1.500000022351741791e+00
-1.596000045537948608e+00
-1.524000018835067749e+00
-2.000000059604644775e+00
-1.739062543027102947e+00
-1.507812470197677612e+00
-1.460937559604644775e+00
-1.499999951571226120e+00
-1.596000101417303085e+00
-1.523999959230422974e+00
-1.999999940395355225e+00
-1.739062467589974403e+00
-1.507812559604644775e+00
-1.460937529802322388e+00
-1.500000000000000000e+00
-1.773437447845935822e+00
-1.596000097692012787e+00
-1.524000018835067749e+00
-1.365956112742424011e+00
-1.999999970197677612e+00
-1.739062512293457985e+00
-1.507812529802322388e+00
-1.460937500000000000e+00
-1.500000022351741791e+00
-1.773437507450580597e+00
-1.596000097692012787e+00
-1.523999959230422974e+00
-1.365956082940101624e+00
-2.000000000000000000e+00
-1.739062555134296417e+00
-1.507812455296516418e+00
-1.460937544703483582e+00
-1.500000044703483582e+00
-1.773437447845935822e+00
-1.596000095829367638e+00
-1.524000018835067749e+00
-1.365956157445907593e+00
-2.000000059604644775e+00
-1.739062476903200150e+00
-1.507812500000000000e+00
-1.460937470197677612e+00
-1.499999940395355225e+00
-1.773437548428773880e+00
-1.596000090241432190e+00
-1.524000003933906555e+00
-1.365956097841262817e+00
-2.000000000000000000e+00
-1.739062447100877762e+00
-1.507812514901161194e+00
-1.460937529802322388e+00
-1.499999970197677612e+00
-1.773437514901161194e+00
-1.596000082790851593e+00
-1.524000003933906555e+00
-1.443999856710433960e+00
-1.365956157445907593e+00
-2.000000059604644775e+00
-1.739062534645199776e+00
-1.507812529802322388e+00
-1.460937455296516418e+00
-1.500000000000000000e+00
-1.773437440395355225e+00
-1.596000052988529205e+00
-1.523999989032745361e+00
-1.443999856710433960e+00
-1.365956097841262817e+00
-2.000000029802322388e+00
-1.739062482491135597e+00
-1.507812544703483582e+00
-1.460937500000000000e+00
-1.499999940395355225e+00
-1.773437500000000000e+00
-1.596000134944915771e+00
-1.524000003933906555e+00
-1.443999856710433960e+00
-1.365956157445907593e+00
-1.999999940395355225e+00
-1.739062550477683544e+00
-1.507812470197677612e+00
-1.460937529802322388e+00
-1.500000029802322388e+00
-1.773437455296516418e+00
-1.596000105142593384e+00
-1.524000003933906555e+00
-1.443999856710433960e+00
-1.365956097841262817e+00
-1.999999970197677612e+00
-1.739062499254941940e+00
-1.507812500000000000e+00
-1.460937455296516418e+00
-1.500000059604644775e+00
-1.773437529802322388e+00
-1.596000075340270996e+00
-1.524000011384487152e+00
-1.443999856710433960e+00
-1.365956157445907593e+00
-1.999999970197677612e+00
-1.739062500186264515e+00
-1.507812477648258209e+00
-1.460937470197677612e+00
-1.499999970197677612e+00
-1.773437485098838806e+00
-1.596000041812658310e+00
-1.524000011384487152e+00
-1.443999886512756348e+00
-1.365956068038940430e+00
-1.999999940395355225e+00
-1.739062499254941940e+00
-1.507812455296516418e+00
-1.460937485098838806e+00
-1.500000000000000000e+00
-1.773437552154064178e+00
-1.596000075340270996e+00
-1.524000050500035286e+00
-1.443999946117401123e+00
-1.365956112742424011e+00
-2.000000000000000000e+00
-1.739062502980232239e+00
-1.507812552154064178e+00
-1.460937500000000000e+00
-1.500000029802322388e+00
-1.773437500000000000e+00
-1.596000112593173981e+00
-1.523999970406293869e+00
-1.443999856710433960e+00
-1.365956142893992364e+00
-2.000000059604644775e+00
-1.739062502980232239e+00
-1.507812522351741791e+00
-1.460937522351741791e+00
-1.500000059604644775e+00
-1.773437511175870895e+00
-1.596000149846076965e+00
-1.523999996483325958e+00
-1.443999886512756348e+00
-1.687999755144119263e+00
-1.422413662075996399e+00
-1.365956148132681847e+00
-1.999999940395355225e+00
-1.739062502980232239e+00
-1.507812500000000000e+00
-1.460937544703483582e+00
-1.499999940395355225e+00
-1.773437523748725653e+00
-1.596000060439109802e+00
-1.524000033736228943e+00
-1.443999946117401123e+00
-1.687999784946441650e+00
-1.422413662075996399e+00
-1.365956153720617294e+00
-2.000000000000000000e+00
-1.739062502980232239e+00
-1.507812522351741791e+00
-1.460937447845935822e+00
-1.499999970197677612e+00
-1.773437555879354477e+00
-1.596000097692012787e+00
-1.523999955505132675e+00
-1.443999856710433960e+00
-1.687999844551086426e+00
-1.422413647174835205e+00
-1.365956068038940430e+00
-2.000000000000000000e+00
-1.739062502980232239e+00
-1.507812544703483582e+00
-1.460937477648258209e+00
-1.500000000000000000e+00
-1.773437466472387314e+00
-1.596000045537948608e+00
-1.523999989032745361e+00
-1.443999886512756348e+00
-1.687999755144119263e+00
-1.422413647174835205e+00
-1.365956097841262817e+00
-2.000000000000000000e+00
-1.739062495529651642e+00
-1.507812455296516418e+00
-1.460937500000000000e+00
-1.500000059604644775e+00
-1.773437500000000000e+00
-1.596000120043754578e+00
-1.524000027216970921e+00
-1.443999946117401123e+00
-1.687999784946441650e+00
-1.422413647174835205e+00
-1.365956135094165802e+00
-2.000000000000000000e+00
-1.739062495529651642e+00
-1.507812477648258209e+00
-1.460937544703483582e+00
-1.499999970197677612e+00
-1.773437511175870895e+00
-1.596000064164400101e+00
-1.523999948054552078e+00
-1.443999856710433960e+00
-1.687999844551086426e+00
-1.422413766384124756e+00
-1.365956068038940430e+00
-2.000000000000000000e+00
-1.739062502980232239e+00
-1.460937470197677612e+00
-1.500000029802322388e+00
-1.773437524214386940e+00
-1.596000134944915771e+00
-1.523999998345971107e+00
-1.443999946117401123e+00
-1.687999755144119263e+00
-1.422413676977157593e+00
-1.365956112742424011e+00
-2.000000000000000000e+00
-1.739062450826168060e+00
-1.460937529802322388e+00
-1.499999940395355225e+00
-1.773437516763806343e+00
-1.596000084653496742e+00
-1.524000050732865930e+00
-1.443999916315078735e+00
-1.687999814748764038e+00
-1.422413736581802368e+00
-1.365956038236618042e+00
-2.000000000000000000e+00
-1.739062517881393433e+00
-1.460937455296516418e+00
-1.500000000000000000e+00
-1.773437511175870895e+00
-1.596000052988529205e+00
-1.523999985307455063e+00
-1.443999886512756348e+00
-1.687999755144119263e+00
-1.422413662075996399e+00
-1.365956082940101624e+00
-2.000000000000000000e+00
-1.739062473177909851e+00
-1.460937500000000000e+00
-1.500000029802322388e+00
-1.773437500000000000e+00
-1.596000142395496368e+00
-1.524000037461519241e+00
-1.443999931216239929e+00
-1.687999784946441650e+00
-1.422413706779479980e+00
-1.365956041961908340e+00
-2.000000000000000000e+00
-1.739062547683715820e+00
-1.460937500000000000e+00
-1.500000059604644775e+00
-1.773437552154064178e+00
-1.596000105142593384e+00
-1.523999966681003571e+00
-1.443999856710433960e+00
-1.687999844551086426e+00
-1.422413751482963562e+00
-1.365956112742424011e+00
-2.000000000000000000e+00
-1.739062502980232239e+00
-1.460937500000000000e+00
-1.499999940395355225e+00
-1.773437485098838806e+00
-1.596000108867883682e+00
-1.523999955505132675e+00
-1.443999916315078735e+00
-1.687999784946441650e+00
-1.422413639724254608e+00
-1.365956132300198078e+00
-1.999999940395355225e+00
-1.739062473177909851e+00
-1.499999970197677612e+00
-1.773437537252902985e+00
-1.596000108867883682e+00
-1.523999945260584354e+00
-1.443999856710433960e+00
-1.687999844551086426e+00
-1.422413662075996399e+00
-1.365956153720617294e+00
-1.999999940395355225e+00
-1.739062562584877014e+00
-1.500000000000000000e+00
-1.773437491618096828e+00
-1.596000146120786667e+00
-1.524000055156648159e+00
-1.443999916315078735e+00
-1.687999784946441650e+00
-1.422413662075996399e+00
-1.365956053137779236e+00
-2.000000059604644775e+00
-1.739062532782554626e+00
-1.499999940395355225e+00
-1.773437445517629385e+00
-1.596000063000246882e+00
-1.523999966681003571e+00
-1.443999916315078735e+00
-1.687999859452247620e+00
-1.422413676977157593e+00
-1.365956068038940430e+00
-2.000000000000000000e+00
-1.739062502980232239e+00
-1.500000000000000000e+00
-1.773437500000000000e+00
-1.596000099554657936e+00
-1.523999996483325958e+00
-1.443999886512756348e+00
-1.687999799847602844e+00
-1.422413706779479980e+00
-1.365956097841262817e+00
