4.226109321823087583e+01
1.341640786499873883e+01
1.148912529307605723e+01
4.281354925721529270e+01
1.341640786499873883e+01
1.095445115010332238e+01
4.326661530556787483e+01
1.341640786499873883e+01
1.148912529307605723e+01
4.281354925721529270e+01
1.272792206135785520e+01
1.095445115010332238e+01
4.335896677735760107e+01
1.272792206135785520e+01
1.148912529307605723e+01
4.335896677735760107e+01
1.378404875209022151e+01
1.095445115010332238e+01
4.440720662234903671e+01
4.335896677735760107e+01
1.378404875209022151e+01
4.544227107000705246e+01
4.335896677735760107e+01
1.407124727947028830e+01
4.608687448721165225e+01
4.335896677735760107e+01
1.445683229480096088e+01
4.569463863518345192e+01
4.335896677735760107e+01
1.445683229480096088e+01
4.569463863518345192e+01
4.335896677735760107e+01
1.445683229480096088e+01
4.632493928760187885e+01
4.281354925721529270e+01
1.509966887054149964e+01
4.632493928760187885e+01
4.335896677735760107e+01
1.509966887054149964e+01
4.734976240700685679e+01
4.335896677735760107e+01
1.509966887054149964e+01
4.694677837722201019e+01
4.335896677735760107e+01
1.509966887054149964e+01
4.796873982084582622e+01
4.335896677735760107e+01
1.509966887054149964e+01
4.816637831516918311e+01
4.281354925721529270e+01
1.509966887054149964e+01
4.816637831516918311e+01
4.381780460041328951e+01
1.509966887054149964e+01
4.876474136094643796e+01
4.281354925721529270e+01
1.571623364550171154e+01
4.935585071701226667e+01
4.281354925721529270e+01
1.612451549659709826e+01
4.935585071701226667e+01
4.281354925721529270e+01
1.673320053068151125e+01
4.935585071701226667e+01
4.281354925721529270e+01
1.732050807568877460e+01
4.950757517794625073e+01
4.270831300812524489e+01
1.673320053068151125e+01
4.950757517794625073e+01
4.170131892398608642e+01
1.732050807568877460e+01
4.993996395673509170e+01
4.214261501141095323e+01
1.743559577416269590e+01
5.108815909777920439e+01
4.156921938165305619e+01
1.743559577416269590e+01
5.064582904840239763e+01
4.098780306383839189e+01
1.688194301613413373e+01
5.064582904840239763e+01
4.039801975344830964e+01
1.688194301613413373e+01
5.064582904840239763e+01
4.039801975344830964e+01
1.732050807568877460e+01
5.120546845796842916e+01
3.919183588453084610e+01
1.732050807568877460e+01
5.120546845796842916e+01
3.857460304397181972e+01
1.732050807568877460e+01
5.130302135352263804e+01
3.691882988394946352e+01
1.732050807568877460e+01
5.130302135352263804e+01
3.666060555964671863e+01
1.688194301613413373e+01
5.130302135352263804e+01
3.562302626111375048e+01
1.673320053068151125e+01
5.138093031466051741e+01
3.391164991562634157e+01
1.673320053068151125e+01
5.184592558726288303e+01
3.252691193458118590e+01
1.673320053068151125e+01
5.238320341483517950e+01
3.074085229787879570e+01
1.630950643030008962e+01
5.191338940966964088e+01
2.891366458960192176e+01
1.673320053068151125e+01
5.244044240850757888e+01
2.924038303442689113e+01
1.630950643030008962e+01
5.296225070746144326e+01
3.074085229787879570e+01
1.630950643030008962e+01
5.247856705360770491e+01
3.181194744117373219e+01
1.571623364550171154e+01
5.247856705360770491e+01
3.252691193458118590e+01
1.571623364550171154e+01
5.249761899362675166e+01
3.495711658589706872e+01
1.612451549659709826e+01
5.249761899362675166e+01
3.562302626111375048e+01
1.612451549659709826e+01
5.300000000000000000e+01
3.666060555964671863e+01
1.571623364550171154e+01
5.247856705360770491e+01
3.730951621235526261e+01
1.571623364550171154e+01
5.247856705360770491e+01
3.794733192202055250e+01
1.509966887054149964e+01
5.247856705360770491e+01
3.919183588453084610e+01
1.549193338482966809e+01
5.196152422706632024e+01
3.979949748426479772e+01
1.509966887054149964e+01
5.244044240850757888e+01
4.039801975344830964e+01
1.509966887054149964e+01
5.191338940966964088e+01
4.098780306383839189e+01
1.509966887054149964e+01
5.184592558726288303e+01
4.156921938165305619e+01
1.445683229480096088e+01
5.184592558726288303e+01
4.170131892398608642e+01
1.341640786499873883e+01
5.130302135352263804e+01
4.226109321823087583e+01
1.341640786499873883e+01
5.175905717843013321e+01
4.281354925721529270e+01
1.272792206135785520e+01
5.075431016179808097e+01
4.289522117905443110e+01
1.200000000000000000e+01
5.064582904840239763e+01
4.342810150121692914e+01
1.341640786499873883e+01
5.120546845796842916e+01
4.395452195167182197e+01
1.445683229480096088e+01
5.064582904840239763e+01
4.398863489584554287e+01
1.509966887054149964e+01
5.007993610219565994e+01
4.449719092257397790e+01
1.509966887054149964e+01
5.051732376126035717e+01
4.449719092257397790e+01
1.612451549659709826e+01
4.950757517794625073e+01
4.398863489584554287e+01
1.612451549659709826e+01
5.051732376126035717e+01
4.447471191587417394e+01
1.630950643030008962e+01
4.950757517794625073e+01
4.395452195167182197e+01
1.673320053068151125e+01
4.993996395673509170e+01
4.342810150121692914e+01
1.673320053068151125e+01
4.993996395673509170e+01
4.342810150121692914e+01
1.688194301613413373e+01
4.950757517794625073e+01
4.335896677735760107e+01
1.732050807568877460e+01
4.950757517794625073e+01
4.281354925721529270e+01
1.688194301613413373e+01
5.051732376126035717e+01
4.281354925721529270e+01
1.788854381999831844e+01
5.051732376126035717e+01
4.281354925721529270e+01
1.743559577416269590e+01
5.051732376126035717e+01
4.226109321823087583e+01
1.788854381999831844e+01
5.007993610219565994e+01
4.270831300812524489e+01
1.788854381999831844e+01
5.007993610219565994e+01
4.170131892398608642e+01
1.743559577416269590e+01
5.064582904840239763e+01
4.270831300812524489e+01
1.843908891458577415e+01
5.120546845796842916e+01
4.170131892398608642e+01
1.743559577416269590e+01
5.075431016179808097e+01
4.226109321823087583e+01
1.743559577416269590e+01
5.130302135352263804e+01
4.270831300812524489e+01
1.797220075561142849e+01
5.184592558726288303e+01
4.326661530556787483e+01
1.788854381999831844e+01
5.238320341483517950e+01
4.326661530556787483e+01
1.788854381999831844e+01
5.244044240850757888e+01
4.281354925721529270e+01
1.797220075561142849e+01
5.244044240850757888e+01
4.335896677735760107e+01
1.843908891458577415e+01
5.247856705360770491e+01
4.335896677735760107e+01
1.743559577416269590e+01
5.249761899362675166e+01
4.389760813529593975e+01
1.788854381999831844e+01
5.249761899362675166e+01
4.342810150121692914e+01
1.788854381999831844e+01
5.249761899362675166e+01
4.395452195167182197e+01
1.788854381999831844e+01
5.299056519796707931e+01
4.447471191587417394e+01
1.732050807568877460e+01
5.247856705360770491e+01
4.398863489584554287e+01
1.743559577416269590e+01
5.196152422706632024e+01
4.400000000000000000e+01
1.732050807568877460e+01
5.244044240850757888e+01
4.349712634186309401e+01
1.732050807568877460e+01
5.138093031466051741e+01
4.449719092257397790e+01
1.688194301613413373e+01
5.138093031466051741e+01
4.447471191587417394e+01
1.732050807568877460e+01
5.175905717843013321e+01
4.395452195167182197e+01
1.688194301613413373e+01
5.064582904840239763e+01
4.389760813529593975e+01
1.732050807568877460e+01
5.007993610219565994e+01
4.335896677735760107e+01
1.688194301613413373e+01
4.993996395673509170e+01
4.270831300812524489e+01
1.732050807568877460e+01
4.935585071701226667e+01
4.270831300812524489e+01
1.732050807568877460e+01
4.876474136094643796e+01
4.214261501141095323e+01
1.732050807568877460e+01
4.816637831516918311e+01
4.156921938165305619e+01
1.732050807568877460e+01
4.734976240700685679e+01
4.098780306383839189e+01
1.688194301613413373e+01
4.632493928760187885e+01
4.039801975344830964e+01
1.732050807568877460e+01
4.608687448721165225e+01
3.979949748426479772e+01
1.788854381999831844e+01
4.440720662234903671e+01
3.919183588453084610e+01
1.732050807568877460e+01
4.374928570845471398e+01
3.857460304397181972e+01
1.732050807568877460e+01
4.308131845707602992e+01
3.627671429443410744e+01
1.732050807568877460e+01
4.345112196480086197e+01
3.627671429443410744e+01
1.688194301613413373e+01
4.240283009422837779e+01
3.666060555964671863e+01
1.788854381999831844e+01
4.101219330881975367e+01
3.495711658589706872e+01
1.732050807568877460e+01
3.994996871087635526e+01
3.427827300200522131e+01
1.688194301613413373e+01
3.883297567789519888e+01
3.252691193458118590e+01
1.788854381999831844e+01
3.181194744117373219e+01
1.732050807568877460e+01
4.049691346263317371e+01
3.146426544510454804e+01
1.732050807568877460e+01
4.049691346263317371e+01
3.074085229787879570e+01
1.630950643030008962e+01
4.049691346263317371e+01
3.000000000000000000e+01
1.673320053068151125e+01
3.998749804626441318e+01
3.000000000000000000e+01
1.571623364550171154e+01
2.956349099818896420e+01
4.047221268969612140e+01
2.924038303442689113e+01
1.549193338482966809e+01
2.924038303442689113e+01
3.994996871087635526e+01
2.924038303442689113e+01
1.509966887054149964e+01
2.765863337187866122e+01
4.042276586281547424e+01
2.924038303442689113e+01
1.509966887054149964e+01
2.877498913987631823e+01
4.042276586281547424e+01
2.924038303442689113e+01
1.445683229480096088e+01
2.956349099818896420e+01
3.942080668885405004e+01
2.716615541441224835e+01
3.074085229787879570e+01
1.378404875209022151e+01
2.924038303442689113e+01
3.934463114581200216e+01
2.791057147390572624e+01
3.108054053584010745e+01
1.378404875209022151e+01
3.065941943351178267e+01
3.934463114581200216e+01
2.863564212655270680e+01
3.252691193458118590e+01
1.272792206135785520e+01
3.065941943351178267e+01
3.934463114581200216e+01
2.863564212655270680e+01
2.787471972953270694e+01
3.322649545167229945e+01
1.272792206135785520e+01
3.215587038162705369e+01
3.879432948254164870e+01
2.934280150224241979e+01
2.863564212655270680e+01
2.891366458960192176e+01
3.391164991562634157e+01
1.272792206135785520e+01
3.867815921162743109e+01
3.003331483536241464e+01
2.969848480983499428e+01
2.853068523537421086e+01
3.495711658589706872e+01
1.272792206135785520e+01
3.867815921162743109e+01
3.003331483536241464e+01
3.039736830714132765e+01
2.891366458960192176e+01
3.562302626111375048e+01
1.378404875209022151e+01
3.867815921162743109e+01
3.108054053584010745e+01
3.039736830714132765e+01
3.059411708155671050e+01
3.304542328371660886e+01
3.562302626111375048e+01
1.378404875209022151e+01
3.766961640367472341e+01
3.174901573277508859e+01
3.108054053584010745e+01
3.019933774108299929e+01
3.304542328371660886e+01
3.627671429443410744e+01
1.445683229480096088e+01
3.810511776651529914e+01
3.174901573277508859e+01
3.212475680841802017e+01
3.354101966249684352e+01
3.019933774108299929e+01
3.367491648096547152e+01
2.917190429162964449e+01
3.627671429443410744e+01
1.445683229480096088e+01
3.752332607858743785e+01
3.174901573277508859e+01
3.174901573277508859e+01
3.354101966249684352e+01
3.122498999199198977e+01
3.367491648096547152e+01
3.019933774108299929e+01
3.691882988394946352e+01
1.509966887054149964e+01
3.709447398198281576e+01
3.278719262151000180e+01
3.212475680841802017e+01
3.458323293158116485e+01
3.122498999199198977e+01
3.429285639896449567e+01
2.956349099818896420e+01
3.730951621235526261e+01
1.549193338482966809e+01
3.693237062523877512e+01
3.240370349203929834e+01
3.212475680841802017e+01
3.652396473549934797e+01
3.184336665618131690e+01
3.489985673323029403e+01
2.956349099818896420e+01
3.691882988394946352e+01
1.549193338482966809e+01
3.693237062523877512e+01
3.304542328371660886e+01
3.240370349203929834e+01
3.524202037341218841e+01
3.122498999199198977e+01
3.469870314579494419e+01
3.327160951922824950e+01
2.956349099818896420e+01
3.691882988394946352e+01
1.549193338482966809e+01
3.752332607858743785e+01
3.304542328371660886e+01
3.278719262151000180e+01
3.524202037341218841e+01
3.122498999199198977e+01
3.489985673323029403e+01
3.264965543462901820e+01
3.019933774108299929e+01
3.627671429443410744e+01
1.549193338482966809e+01
3.651027252705736714e+01
3.304542328371660886e+01
3.278719262151000180e+01
3.588871688985272357e+01
3.184336665618131690e+01
3.531288716601915212e+01
3.201562118716424266e+01
2.979932885150267907e+01
3.627671429443410744e+01
1.612451549659709826e+01
3.709447398198281576e+01
3.278719262151000180e+01
3.212475680841802017e+01
3.524202037341218841e+01
3.184336665618131690e+01
3.429285639896449567e+01
3.264965543462901820e+01
3.082207001484488273e+01
3.627671429443410744e+01
1.571623364550171154e+01
3.651027252705736714e+01
3.240370349203929834e+01
3.212475680841802017e+01
3.588871688985272357e+01
3.122498999199198977e+01
3.367491648096547152e+01
3.327160951922824950e+01
3.019933774108299929e+01
3.666060555964671863e+01
1.612451549659709826e+01
3.752332607858743785e+01
3.240370349203929834e+01
3.212475680841802017e+01
3.524202037341218841e+01
3.122498999199198977e+01
3.367491648096547152e+01
3.327160951922824950e+01
2.979932885150267907e+01
3.730951621235526261e+01
1.509966887054149964e+01
3.752332607858743785e+01
3.174901573277508859e+01
3.212475680841802017e+01
3.524202037341218841e+01
3.122498999199198977e+01
3.367491648096547152e+01
3.224903099319419653e+01
3.019933774108299929e+01
3.627671429443410744e+01
1.509966887054149964e+01
3.709447398198281576e+01
3.174901573277508859e+01
3.212475680841802017e+01
3.458323293158116485e+01
3.019933774108299929e+01
3.367491648096547152e+01
3.327160951922824950e+01
2.917190429162964449e+01
3.562302626111375048e+01
1.509966887054149964e+01
3.810511776651529914e+01
3.174901573277508859e+01
3.144837038703277443e+01
3.458323293158116485e+01
3.019933774108299929e+01
3.304542328371660886e+01
3.224903099319419653e+01
1.048808848170151542e+01
3.098386676965933617e+01
2.917190429162964449e+01
3.562302626111375048e+01
1.509966887054149964e+01
3.810511776651529914e+01
3.108054053584010745e+01
3.039736830714132765e+01
3.354101966249684352e+01
2.956349099818896420e+01
3.304542328371660886e+01
3.201562118716424266e+01
1.000000000000000000e+01
3.033150177620620269e+01
2.956349099818896420e+01
3.562302626111375048e+01
1.509966887054149964e+01
3.810511776651529914e+01
3.003331483536241464e+01
3.039736830714132765e+01
3.391164991562634157e+01
2.956349099818896420e+01
3.240370349203929834e+01
3.201562118716424266e+01
1.000000000000000000e+01
3.033150177620620269e+01
2.853068523537421086e+01
3.495711658589706872e+01
1.445683229480096088e+01
3.823610858861032114e+01
3.108054053584010745e+01
2.969848480983499428e+01
3.286335345030996535e+01
2.956349099818896420e+01
3.240370349203929834e+01
3.136877428271624524e+01
1.000000000000000000e+01
2.966479394838265193e+01
2.787471972953270694e+01
3.495711658589706872e+01
1.445683229480096088e+01
3.823610858861032114e+01
3.003331483536241464e+01
2.969848480983499428e+01
3.322649545167229945e+01
2.956349099818896420e+01
3.174901573277508859e+01
3.136877428271624524e+01
9.000000000000000000e+00
2.929163703175361988e+01
2.787471972953270694e+01
3.391164991562634157e+01
1.445683229480096088e+01
3.879432948254164870e+01
2.934280150224241979e+01
2.863564212655270680e+01
3.146426544510454804e+01
2.853068523537421086e+01
3.136877428271624524e+01
3.033150177620620269e+01
9.486832980505138124e+00
2.792848008753788136e+01
2.787471972953270694e+01
3.391164991562634157e+01
1.445683229480096088e+01
2.934280150224241979e+01
2.863564212655270680e+01
3.146426544510454804e+01
2.853068523537421086e+01
3.108054053584010745e+01
2.966479394838265193e+01
9.000000000000000000e+00
2.861817604250837022e+01
2.683281572999747766e+01
3.322649545167229945e+01
1.445683229480096088e+01
2.863564212655270680e+01
2.898275349237887610e+01
3.146426544510454804e+01
2.824889378365107007e+01
3.070830506556817596e+01
2.966479394838265193e+01
9.000000000000000000e+00
2.792848008753788136e+01
2.720294101747088789e+01
3.322649545167229945e+01
1.445683229480096088e+01
2.791057147390572624e+01
2.791057147390572624e+01
3.039736830714132765e+01
2.756809750418044302e+01
3.070830506556817596e+01
2.898275349237887610e+01
9.486832980505138124e+00
2.722131517763239827e+01
2.720294101747088789e+01
3.252691193458118590e+01
1.341640786499873883e+01
2.791057147390572624e+01
2.716615541441224835e+01
3.074085229787879570e+01
2.720294101747088789e+01
2.966479394838265193e+01
2.828427124746190202e+01
9.486832980505138124e+00
2.615339366124404208e+01
2.651414716712570296e+01
3.252691193458118590e+01
1.341640786499873883e+01
2.791057147390572624e+01
2.716615541441224835e+01
3.000000000000000000e+01
2.651414716712570296e+01
2.934280150224241979e+01
2.898275349237887610e+01
9.486832980505138124e+00
2.687005768508880621e+01
2.615339366124404208e+01
3.146426544510454804e+01
1.378404875209022151e+01
2.683281572999747766e+01
2.716615541441224835e+01
2.891366458960192176e+01
2.615339366124404208e+01
2.898275349237887610e+01
2.792848008753788136e+01
9.000000000000000000e+00
2.615339366124404208e+01
2.545584412271571040e+01
3.108054053584010745e+01
1.378404875209022151e+01
2.640075756488817049e+01
2.966479394838265193e+01
2.615339366124404208e+01
2.898275349237887610e+01
2.792848008753788136e+01
8.944271909999159220e+00
2.615339366124404208e+01
2.545584412271571040e+01
3.074085229787879570e+01
1.272792206135785520e+01
2.640075756488817049e+01
2.814249455894057661e+01
2.615339366124404208e+01
2.898275349237887610e+01
2.792848008753788136e+01
8.485281374238569541e+00
2.615339366124404208e+01
2.545584412271571040e+01
3.000000000000000000e+01
1.272792206135785520e+01
2.607680962081059661e+01
2.814249455894057661e+01
2.545584412271571040e+01
2.828427124746190202e+01
2.722131517763239827e+01
8.485281374238569541e+00
2.615339366124404208e+01
2.439262183530093608e+01
3.000000000000000000e+01
1.200000000000000000e+01
2.640075756488817049e+01
2.814249455894057661e+01
2.545584412271571040e+01
2.828427124746190202e+01
2.722131517763239827e+01
8.485281374238569541e+00
2.615339366124404208e+01
2.439262183530093608e+01
